[000]: 23 00 6d c6 00 00 03 aa 00 44 53 43 5f 37 34 36 38 2e 4a 50 47 00 44 43 49 4d 2f 31 30 30 4e 43 44 39 30 00 00 00 00 00 00 00 00 00 00 00 00 00  |#.m......DSC_7468.JPG.DCIM/100NCD90.............|
[000]: 23 00 6d c6 00 00 06 1a 00 44 53 43 5f 37 34 36 38 2e 4a 50 47 00 44 43 49 4d 2f 31 30 30 4e 43 44 39 30 00 00 00 00 00 00 00 00 00 00 00 00 00  |#.m......DSC_7468.JPG.DCIM/100NCD90.............|
[000]: 23 00 6d c6 00 00 0a fa 00 44 53 43 5f 37 34 36 38 2e 4a 50 47 00 44 43 49 4d 2f 31 30 30 4e 43 44 39 30 00 00 00 00 00 00 00 00 00 00 00 00 00  |#.m......DSC_7468.JPG.DCIM/100NCD90.............|
[000]: 23 00 6d c6 00 00 0d fa 00 44 53 43 5f 37 34 36 38 2e 4a 50 47 00 44 43 49 4d 2f 31 30 30 4e 43 44 39 30 00 00 00 00 00 00 00 00 00 00 00 00 00  |#.m......DSC_7468.JPG.DCIM/100NCD90.............|
[000]: 23 00 6d c6 00 00 10 32 00 44 53 43 5f 37 34 36 38 2e 4a 50 47 00 44 43 49 4d 2f 31 30 30 4e 43 44 39 30 00 00 00 00 00 00 00 00 00 00 00 00 00  |#.m....2.DSC_7468.JPG.DCIM/100NCD90.............|
[000]: 23 00 6d c6 00 00 15 2a 00 44 53 43 5f 37 34 36 38 2e 4a 50 47 00 44 43 49 4d 2f 31 30 30 4e 43 44 39 30 00 00 00 00 00 00 00 00 00 00 00 00 00  |#.m....*.DSC_7468.JPG.DCIM/100NCD90.............|
[000]: 23 00 6d c6 00 00 47 12 00 44 53 43 5f 37 34 36 38 2e 4a 50 47 00 44 43 49 4d 2f 31 30 30 4e 43 44 39 30 00 00 00 00 00 00 00 00 00 00 00 00 00  |#.m...G..DSC_7468.JPG.DCIM/100NCD90.............|
[000]: 23 00 6d c6 00 00 47 f2 00 44 53 43 5f 37 34 36 38 2e 4a 50 47 00 44 43 49 4d 2f 31 30 30 4e 43 44 39 30 00 00 00 00 00 00 00 00 00 00 00 00 00  |#.m...G..DSC_7468.JPG.DCIM/100NCD90.............|
[000]: 23 00 6d c6 00 00 48 fa 00 44 53 43 5f 37 34 36 38 2e 4a 50 47 00 44 43 49 4d 2f 31 30 30 4e 43 44 39 30 00 00 00 00 00 00 00 00 00 00 00 00 00  |#.m...H..DSC_7468.JPG.DCIM/100NCD90.............|
[000]: 23 00 6d c6 00 00 49 92 00 44 53 43 5f 37 34 36 38 2e 4a 50 47 00 44 43 49 4d 2f 31 30 30 4e 43 44 39 30 00 00 00 00 00 00 00 00 00 00 00 00 00  |#.m...I..DSC_7468.JPG.DCIM/100NCD90.............|
[000]: 23 00 6d c6 00 00 4a ea 00 44 53 43 5f 37 34 36 38 2e 4a 50 47 00 44 43 49 4d 2f 31 30 30 4e 43 44 39 30 00 00 00 00 00 00 00 00 00 00 00 00 00  |#.m...J..DSC_7468.JPG.DCIM/100NCD90.............|
[000]: 23 00 6d c6 00 00 4e 62 00 44 53 43 5f 37 34 36 38 2e 4a 50 47 00 44 43 49 4d 2f 31 30 30 4e 43 44 39 30 00 00 00 00 00 00 00 00 00 00 00 00 00  |#.m...Nb.DSC_7468.JPG.DCIM/100NCD90.............|
[000]: 23 00 6d c6 00 00 5a f2 00 44 53 43 5f 37 34 36 38 2e 4a 50 47 00 44 43 49 4d 2f 31 30 30 4e 43 44 39 30 00 00 00 00 00 00 00 00 00 00 00 00 00  |#.m...Z..DSC_7468.JPG.DCIM/100NCD90.............|
[000]: 23 00 6d c6 00 00 5b 4a 00 44 53 43 5f 37 34 36 38 2e 4a 50 47 00 44 43 49 4d 2f 31 30 30 4e 43 44 39 30 00 00 00 00 00 00 00 00 00 00 00 00 00  |#.m...[J.DSC_7468.JPG.DCIM/100NCD90.............|
[000]: 23 00 6d c6 00 00 5b 6a 00 44 53 43 5f 37 34 36 38 2e 4a 50 47 00 44 43 49 4d 2f 31 30 30 4e 43 44 39 30 00 00 00 00 00 00 00 00 00 00 00 00 00  |#.m...[j.DSC_7468.JPG.DCIM/100NCD90.............|
[000]: 23 00 6d c6 00 00 5b 72 00 44 53 43 5f 37 34 36 38 2e 4a 50 47 00 44 43 49 4d 2f 31 30 30 4e 43 44 39 30 00 00 00 00 00 00 00 00 00 00 00 00 00  |#.m...[r.DSC_7468.JPG.DCIM/100NCD90.............|
[000]: 23 00 6d c6 00 00 5c ba 00 44 53 43 5f 37 34 36 38 2e 4a 50 47 00 44 43 49 4d 2f 31 30 30 4e 43 44 39 30 00 00 00 00 00 00 00 00 00 00 00 00 00  |#.m...\..DSC_7468.JPG.DCIM/100NCD90.............|
[000]: 23 00 6d c6 00 00 5e 6a 00 44 53 43 5f 37 34 36 38 2e 4a 50 47 00 44 43 49 4d 2f 31 30 30 4e 43 44 39 30 00 00 00 00 00 00 00 00 00 00 00 00 00  |#.m...^j.DSC_7468.JPG.DCIM/100NCD90.............|
[000]: 23 00 6d c6 00 00 60 7a 00 44 53 43 5f 37 34 36 38 2e 4a 50 47 00 44 43 49 4d 2f 31 30 30 4e 43 44 39 30 00 00 00 00 00 00 00 00 00 00 00 00 00  |#.m...`z.DSC_7468.JPG.DCIM/100NCD90.............|
[000]: 23 00 6d c6 00 00 63 12 00 44 53 43 5f 37 34 36 38 2e 4a 50 47 00 44 43 49 4d 2f 31 30 30 4e 43 44 39 30 00 00 00 00 00 00 00 00 00 00 00 00 00  |#.m...c..DSC_7468.JPG.DCIM/100NCD90.............|
[000]: 23 00 65 26 00 00 03 32 00 44 53 43 5f 37 34 36 39 2e 4a 50 47 00 44 43 49 4d 2f 31 30 30 4e 43 44 39 30 00 00 00 00 00 00 00 00 00 00 00 00 00  |#.e&...2.DSC_7469.JPG.DCIM/100NCD90.............|
[000]: 23 00 65 26 00 00 17 02 00 44 53 43 5f 37 34 36 39 2e 4a 50 47 00 44 43 49 4d 2f 31 30 30 4e 43 44 39 30 00 00 00 00 00 00 00 00 00 00 00 00 00  |#.e&.....DSC_7469.JPG.DCIM/100NCD90.............|
[000]: 23 00 65 26 00 00 17 a2 00 44 53 43 5f 37 34 36 39 2e 4a 50 47 00 44 43 49 4d 2f 31 30 30 4e 43 44 39 30 00 00 00 00 00 00 00 00 00 00 00 00 00  |#.e&.....DSC_7469.JPG.DCIM/100NCD90.............|
[000]: 23 00 65 26 00 00 1d aa 00 44 53 43 5f 37 34 36 39 2e 4a 50 47 00 44 43 49 4d 2f 31 30 30 4e 43 44 39 30 00 00 00 00 00 00 00 00 00 00 00 00 00  |#.e&.....DSC_7469.JPG.DCIM/100NCD90.............|
[000]: 23 00 65 26 00 00 23 6a 00 44 53 43 5f 37 34 36 39 2e 4a 50 47 00 44 43 49 4d 2f 31 30 30 4e 43 44 39 30 00 00 00 00 00 00 00 00 00 00 00 00 00  |#.e&..#j.DSC_7469.JPG.DCIM/100NCD90.............|
[000]: 23 00 65 26 00 00 23 6a 00 44 53 43 5f 37 34 36 39 2e 4a 50 47 00 44 43 49 4d 2f 31 30 30 4e 43 44 39 30 00 00 00 00 00 00 00 00 00 00 00 00 00  |#.e&..#j.DSC_7469.JPG.DCIM/100NCD90.............|
[000]: 23 00 65 26 00 00 23 6a 00 44 53 43 5f 37 34 36 39 2e 4a 50 47 00 44 43 49 4d 2f 31 30 30 4e 43 44 39 30 00 00 00 00 00 00 00 00 00 00 00 00 00  |#.e&..#j.DSC_7469.JPG.DCIM/100NCD90.............|
[000]: 23 00 65 26 00 00 23 6a 00 44 53 43 5f 37 34 36 39 2e 4a 50 47 00 44 43 49 4d 2f 31 30 30 4e 43 44 39 30 00 00 00 00 00 00 00 00 00 00 00 00 00  |#.e&..#j.DSC_7469.JPG.DCIM/100NCD90.............|
[000]: 23 00 65 26 00 00 23 6a 00 44 53 43 5f 37 34 36 39 2e 4a 50 47 00 44 43 49 4d 2f 31 30 30 4e 43 44 39 30 00 00 00 00 00 00 00 00 00 00 00 00 00  |#.e&..#j.DSC_7469.JPG.DCIM/100NCD90.............|
[000]: 23 00 65 26 00 00 23 6a 00 44 53 43 5f 37 34 36 39 2e 4a 50 47 00 44 43 49 4d 2f 31 30 30 4e 43 44 39 30 00 00 00 00 00 00 00 00 00 00 00 00 00  |#.e&..#j.DSC_7469.JPG.DCIM/100NCD90.............|
[000]: 23 00 65 26 00 00 23 6a 00 44 53 43 5f 37 34 36 39 2e 4a 50 47 00 44 43 49 4d 2f 31 30 30 4e 43 44 39 30 00 00 00 00 00 00 00 00 00 00 00 00 00  |#.e&..#j.DSC_7469.JPG.DCIM/100NCD90.............|
[000]: 23 00 65 26 00 00 23 6a 00 44 53 43 5f 37 34 36 39 2e 4a 50 47 00 44 43 49 4d 2f 31 30 30 4e 43 44 39 30 00 00 00 00 00 00 00 00 00 00 00 00 00  |#.e&..#j.DSC_7469.JPG.DCIM/100NCD90.............|
[000]: 23 00 65 26 00 00 23 6a 00 44 53 43 5f 37 34 36 39 2e 4a 50 47 00 44 43 49 4d 2f 31 30 30 4e 43 44 39 30 00 00 00 00 00 00 00 00 00 00 00 00 00  |#.e&..#j.DSC_7469.JPG.DCIM/100NCD90.............|
[000]: 23 00 65 26 00 00 23 6a 00 44 53 43 5f 37 34 36 39 2e 4a 50 47 00 44 43 49 4d 2f 31 30 30 4e 43 44 39 30 00 00 00 00 00 00 00 00 00 00 00 00 00  |#.e&..#j.DSC_7469.JPG.DCIM/100NCD90.............|
[000]: 23 00 65 26 00 00 23 6a 00 44 53 43 5f 37 34 36 39 2e 4a 50 47 00 44 43 49 4d 2f 31 30 30 4e 43 44 39 30 00 00 00 00 00 00 00 00 00 00 00 00 00  |#.e&..#j.DSC_7469.JPG.DCIM/100NCD90.............|
[000]: 23 00 63 e4 00 00 09 7a 00 44 53 43 5f 37 34 37 30 2e 4a 50 47 00 44 43 49 4d 2f 31 30 30 4e 43 44 39 30 00 00 00 00 00 00 00 00 00 00 00 00 00  |#.c....z.DSC_7470.JPG.DCIM/100NCD90.............|
[000]: 23 00 63 e4 00 00 12 8a 00 44 53 43 5f 37 34 37 30 2e 4a 50 47 00 44 43 49 4d 2f 31 30 30 4e 43 44 39 30 00 00 00 00 00 00 00 00 00 00 00 00 00  |#.c......DSC_7470.JPG.DCIM/100NCD90.............|
[000]: 23 00 63 e4 00 00 17 1a 00 44 53 43 5f 37 34 37 30 2e 4a 50 47 00 44 43 49 4d 2f 31 30 30 4e 43 44 39 30 00 00 00 00 00 00 00 00 00 00 00 00 00  |#.c......DSC_7470.JPG.DCIM/100NCD90.............|
[000]: 23 00 63 e4 00 00 1b 4a 00 44 53 43 5f 37 34 37 30 2e 4a 50 47 00 44 43 49 4d 2f 31 30 30 4e 43 44 39 30 00 00 00 00 00 00 00 00 00 00 00 00 00  |#.c....J.DSC_7470.JPG.DCIM/100NCD90.............|
[000]: 23 00 63 e4 00 00 1d 0a 00 44 53 43 5f 37 34 37 30 2e 4a 50 47 00 44 43 49 4d 2f 31 30 30 4e 43 44 39 30 00 00 00 00 00 00 00 00 00 00 00 00 00  |#.c......DSC_7470.JPG.DCIM/100NCD90.............|
[000]: 23 00 63 e4 00 00 2a 5a 00 44 53 43 5f 37 34 37 30 2e 4a 50 47 00 44 43 49 4d 2f 31 30 30 4e 43 44 39 30 00 00 00 00 00 00 00 00 00 00 00 00 00  |#.c...*Z.DSC_7470.JPG.DCIM/100NCD90.............|
[000]: 23 00 63 e4 00 00 2d 9a 00 44 53 43 5f 37 34 37 30 2e 4a 50 47 00 44 43 49 4d 2f 31 30 30 4e 43 44 39 30 00 00 00 00 00 00 00 00 00 00 00 00 00  |#.c...-..DSC_7470.JPG.DCIM/100NCD90.............|
[000]: 23 00 63 e4 00 00 30 d2 00 44 53 43 5f 37 34 37 30 2e 4a 50 47 00 44 43 49 4d 2f 31 30 30 4e 43 44 39 30 00 00 00 00 00 00 00 00 00 00 00 00 00  |#.c...0..DSC_7470.JPG.DCIM/100NCD90.............|
[000]: 23 00 63 e4 00 00 51 42 00 44 53 43 5f 37 34 37 30 2e 4a 50 47 00 44 43 49 4d 2f 31 30 30 4e 43 44 39 30 00 00 00 00 00 00 00 00 00 00 00 00 00  |#.c...QB.DSC_7470.JPG.DCIM/100NCD90.............|
[000]: 23 00 63 e4 00 00 5b 4a 00 44 53 43 5f 37 34 37 30 2e 4a 50 47 00 44 43 49 4d 2f 31 30 30 4e 43 44 39 30 00 00 00 00 00 00 00 00 00 00 00 00 00  |#.c...[J.DSC_7470.JPG.DCIM/100NCD90.............|
[000]: 23 00 65 26 00 00 00 00 00 44 53 43 5f 37 34 36 39 2e 4a 50 47 00 44 43 49 4d 2f 31 30 30 4e 43 44 39 30 00 00 00 00 00 00 00 00 00 00 00 00 00  |#.e&.....DSC_7469.JPG.DCIM/100NCD90.............|
[000]: 23 00 65 26 00 00 22 e0 00 44 53 43 5f 37 34 36 39 2e 4a 50 47 00 44 43 49 4d 2f 31 30 30 4e 43 44 39 30 00 00 00 00 00 00 00 00 00 00 00 00 00  |#.e&.."..DSC_7469.JPG.DCIM/100NCD90.............|
[000]: 23 00 65 26 00 00 3b 88 00 44 53 43 5f 37 34 36 39 2e 4a 50 47 00 44 43 49 4d 2f 31 30 30 4e 43 44 39 30 00 00 00 00 00 00 00 00 00 00 00 00 00  |#.e&..;..DSC_7469.JPG.DCIM/100NCD90.............|
[000]: 23 00 65 26 00 00 41 50 00 44 53 43 5f 37 34 36 39 2e 4a 50 47 00 44 43 49 4d 2f 31 30 30 4e 43 44 39 30 00 00 00 00 00 00 00 00 00 00 00 00 00  |#.e&..AP.DSC_7469.JPG.DCIM/100NCD90.............|
[000]: 23 00 65 26 00 00 4a 98 00 44 53 43 5f 37 34 36 39 2e 4a 50 47 00 44 43 49 4d 2f 31 30 30 4e 43 44 39 30 00 00 00 00 00 00 00 00 00 00 00 00 00  |#.e&..J..DSC_7469.JPG.DCIM/100NCD90.............|
[000]: 23 00 63 8c 00 00 0c c2 00 44 53 43 5f 37 34 37 31 2e 4a 50 47 00 44 43 49 4d 2f 31 30 30 4e 43 44 39 30 00 00 00 00 00 00 00 00 00 00 00 00 00  |#.c......DSC_7471.JPG.DCIM/100NCD90.............|
[000]: 23 00 63 8c 00 00 14 c2 00 44 53 43 5f 37 34 37 31 2e 4a 50 47 00 44 43 49 4d 2f 31 30 30 4e 43 44 39 30 00 00 00 00 00 00 00 00 00 00 00 00 00  |#.c......DSC_7471.JPG.DCIM/100NCD90.............|
[000]: 23 00 63 8c 00 00 19 4a 00 44 53 43 5f 37 34 37 31 2e 4a 50 47 00 44 43 49 4d 2f 31 30 30 4e 43 44 39 30 00 00 00 00 00 00 00 00 00 00 00 00 00  |#.c....J.DSC_7471.JPG.DCIM/100NCD90.............|
[000]: 23 00 63 8c 00 00 22 92 00 44 53 43 5f 37 34 37 31 2e 4a 50 47 00 44 43 49 4d 2f 31 30 30 4e 43 44 39 30 00 00 00 00 00 00 00 00 00 00 00 00 00  |#.c..."..DSC_7471.JPG.DCIM/100NCD90.............|
[000]: 23 00 63 8c 00 00 24 c2 00 44 53 43 5f 37 34 37 31 2e 4a 50 47 00 44 43 49 4d 2f 31 30 30 4e 43 44 39 30 00 00 00 00 00 00 00 00 00 00 00 00 00  |#.c...$..DSC_7471.JPG.DCIM/100NCD90.............|
[000]: 23 00 63 8c 00 00 2a 92 00 44 53 43 5f 37 34 37 31 2e 4a 50 47 00 44 43 49 4d 2f 31 30 30 4e 43 44 39 30 00 00 00 00 00 00 00 00 00 00 00 00 00  |#.c...*..DSC_7471.JPG.DCIM/100NCD90.............|
[000]: 23 00 63 8c 00 00 2f 4a 00 44 53 43 5f 37 34 37 31 2e 4a 50 47 00 44 43 49 4d 2f 31 30 30 4e 43 44 39 30 00 00 00 00 00 00 00 00 00 00 00 00 00  |#.c.../J.DSC_7471.JPG.DCIM/100NCD90.............|
[000]: 23 00 63 8c 00 00 34 7a 00 44 53 43 5f 37 34 37 31 2e 4a 50 47 00 44 43 49 4d 2f 31 30 30 4e 43 44 39 30 00 00 00 00 00 00 00 00 00 00 00 00 00  |#.c...4z.DSC_7471.JPG.DCIM/100NCD90.............|
[000]: 23 00 63 8c 00 00 3d 12 00 44 53 43 5f 37 34 37 31 2e 4a 50 47 00 44 43 49 4d 2f 31 30 30 4e 43 44 39 30 00 00 00 00 00 00 00 00 00 00 00 00 00  |#.c...=..DSC_7471.JPG.DCIM/100NCD90.............|
[000]: 23 00 63 8c 00 00 46 e2 00 44 53 43 5f 37 34 37 31 2e 4a 50 47 00 44 43 49 4d 2f 31 30 30 4e 43 44 39 30 00 00 00 00 00 00 00 00 00 00 00 00 00  |#.c...F..DSC_7471.JPG.DCIM/100NCD90.............|
[000]: 23 00 63 8c 00 00 55 ea 00 44 53 43 5f 37 34 37 31 2e 4a 50 47 00 44 43 49 4d 2f 31 30 30 4e 43 44 39 30 00 00 00 00 00 00 00 00 00 00 00 00 00  |#.c...U..DSC_7471.JPG.DCIM/100NCD90.............|
[000]: 23 00 63 8c 00 00 5b 2a 00 44 53 43 5f 37 34 37 31 2e 4a 50 47 00 44 43 49 4d 2f 31 30 30 4e 43 44 39 30 00 00 00 00 00 00 00 00 00 00 00 00 00  |#.c...[*.DSC_7471.JPG.DCIM/100NCD90.............|
[000]: 23 00 63 8c 00 00 5f fa 00 44 53 43 5f 37 34 37 31 2e 4a 50 47 00 44 43 49 4d 2f 31 30 30 4e 43 44 39 30 00 00 00 00 00 00 00 00 00 00 00 00 00  |#.c..._..DSC_7471.JPG.DCIM/100NCD90.............|
[000]: 23 00 63 ba 00 00 0d 62 00 44 53 43 5f 37 34 37 32 2e 4a 50 47 00 44 43 49 4d 2f 31 30 30 4e 43 44 39 30 00 00 00 00 00 00 00 00 00 00 00 00 00  |#.c....b.DSC_7472.JPG.DCIM/100NCD90.............|
[000]: 23 00 63 ba 00 00 10 22 00 44 53 43 5f 37 34 37 32 2e 4a 50 47 00 44 43 49 4d 2f 31 30 30 4e 43 44 39 30 00 00 00 00 00 00 00 00 00 00 00 00 00  |#.c....".DSC_7472.JPG.DCIM/100NCD90.............|
[000]: 23 00 63 ba 00 00 14 6a 00 44 53 43 5f 37 34 37 32 2e 4a 50 47 00 44 43 49 4d 2f 31 30 30 4e 43 44 39 30 00 00 00 00 00 00 00 00 00 00 00 00 00  |#.c....j.DSC_7472.JPG.DCIM/100NCD90.............|
[000]: 23 00 63 ba 00 00 17 22 00 44 53 43 5f 37 34 37 32 2e 4a 50 47 00 44 43 49 4d 2f 31 30 30 4e 43 44 39 30 00 00 00 00 00 00 00 00 00 00 00 00 00  |#.c....".DSC_7472.JPG.DCIM/100NCD90.............|
[000]: 23 00 63 ba 00 00 17 2a 00 44 53 43 5f 37 34 37 32 2e 4a 50 47 00 44 43 49 4d 2f 31 30 30 4e 43 44 39 30 00 00 00 00 00 00 00 00 00 00 00 00 00  |#.c....*.DSC_7472.JPG.DCIM/100NCD90.............|
[000]: 23 00 63 ba 00 00 1e 2a 00 44 53 43 5f 37 34 37 32 2e 4a 50 47 00 44 43 49 4d 2f 31 30 30 4e 43 44 39 30 00 00 00 00 00 00 00 00 00 00 00 00 00  |#.c....*.DSC_7472.JPG.DCIM/100NCD90.............|
[000]: 23 00 63 ba 00 00 2b 42 00 44 53 43 5f 37 34 37 32 2e 4a 50 47 00 44 43 49 4d 2f 31 30 30 4e 43 44 39 30 00 00 00 00 00 00 00 00 00 00 00 00 00  |#.c...+B.DSC_7472.JPG.DCIM/100NCD90.............|
[000]: 23 00 63 ba 00 00 36 82 00 44 53 43 5f 37 34 37 32 2e 4a 50 47 00 44 43 49 4d 2f 31 30 30 4e 43 44 39 30 00 00 00 00 00 00 00 00 00 00 00 00 00  |#.c...6..DSC_7472.JPG.DCIM/100NCD90.............|
[000]: 23 00 63 ba 00 00 3b e2 00 44 53 43 5f 37 34 37 32 2e 4a 50 47 00 44 43 49 4d 2f 31 30 30 4e 43 44 39 30 00 00 00 00 00 00 00 00 00 00 00 00 00  |#.c...;..DSC_7472.JPG.DCIM/100NCD90.............|
[000]: 23 00 63 ba 00 00 62 4a 00 44 53 43 5f 37 34 37 32 2e 4a 50 47 00 44 43 49 4d 2f 31 30 30 4e 43 44 39 30 00 00 00 00 00 00 00 00 00 00 00 00 00  |#.c...bJ.DSC_7472.JPG.DCIM/100NCD90.............|
[000]: 23 00 60 c6 00 00 00 00 00 44 53 43 5f 37 34 37 33 2e 4a 50 47 00 44 43 49 4d 2f 31 30 30 4e 43 44 39 30 00 00 00 00 00 00 00 00 00 00 00 00 00  |#.`......DSC_7473.JPG.DCIM/100NCD90.............|
[000]: 23 00 60 c6 00 00 01 82 00 44 53 43 5f 37 34 37 33 2e 4a 50 47 00 44 43 49 4d 2f 31 30 30 4e 43 44 39 30 00 00 00 00 00 00 00 00 00 00 00 00 00  |#.`......DSC_7473.JPG.DCIM/100NCD90.............|
[000]: 23 00 60 c6 00 00 02 ba 00 44 53 43 5f 37 34 37 33 2e 4a 50 47 00 44 43 49 4d 2f 31 30 30 4e 43 44 39 30 00 00 00 00 00 00 00 00 00 00 00 00 00  |#.`......DSC_7473.JPG.DCIM/100NCD90.............|
[000]: 23 00 60 c6 00 00 08 72 00 44 53 43 5f 37 34 37 33 2e 4a 50 47 00 44 43 49 4d 2f 31 30 30 4e 43 44 39 30 00 00 00 00 00 00 00 00 00 00 00 00 00  |#.`....r.DSC_7473.JPG.DCIM/100NCD90.............|
[000]: 23 00 60 c6 00 00 0b 02 00 44 53 43 5f 37 34 37 33 2e 4a 50 47 00 44 43 49 4d 2f 31 30 30 4e 43 44 39 30 00 00 00 00 00 00 00 00 00 00 00 00 00  |#.`......DSC_7473.JPG.DCIM/100NCD90.............|
[000]: 23 00 60 c6 00 00 12 22 00 44 53 43 5f 37 34 37 33 2e 4a 50 47 00 44 43 49 4d 2f 31 30 30 4e 43 44 39 30 00 00 00 00 00 00 00 00 00 00 00 00 00  |#.`....".DSC_7473.JPG.DCIM/100NCD90.............|
[000]: 23 00 60 c6 00 00 16 52 00 44 53 43 5f 37 34 37 33 2e 4a 50 47 00 44 43 49 4d 2f 31 30 30 4e 43 44 39 30 00 00 00 00 00 00 00 00 00 00 00 00 00  |#.`....R.DSC_7473.JPG.DCIM/100NCD90.............|
[000]: 23 00 60 c6 00 00 21 5a 00 44 53 43 5f 37 34 37 33 2e 4a 50 47 00 44 43 49 4d 2f 31 30 30 4e 43 44 39 30 00 00 00 00 00 00 00 00 00 00 00 00 00  |#.`...!Z.DSC_7473.JPG.DCIM/100NCD90.............|
[000]: 23 00 60 c6 00 00 26 32 00 44 53 43 5f 37 34 37 33 2e 4a 50 47 00 44 43 49 4d 2f 31 30 30 4e 43 44 39 30 00 00 00 00 00 00 00 00 00 00 00 00 00  |#.`...&2.DSC_7473.JPG.DCIM/100NCD90.............|
[000]: 23 00 60 c6 00 00 31 1a 00 44 53 43 5f 37 34 37 33 2e 4a 50 47 00 44 43 49 4d 2f 31 30 30 4e 43 44 39 30 00 00 00 00 00 00 00 00 00 00 00 00 00  |#.`...1..DSC_7473.JPG.DCIM/100NCD90.............|
[000]: 23 00 60 c6 00 00 45 aa 00 44 53 43 5f 37 34 37 33 2e 4a 50 47 00 44 43 49 4d 2f 31 30 30 4e 43 44 39 30 00 00 00 00 00 00 00 00 00 00 00 00 00  |#.`...E..DSC_7473.JPG.DCIM/100NCD90.............|
[000]: 23 00 60 c6 00 00 49 6a 00 44 53 43 5f 37 34 37 33 2e 4a 50 47 00 44 43 49 4d 2f 31 30 30 4e 43 44 39 30 00 00 00 00 00 00 00 00 00 00 00 00 00  |#.`...Ij.DSC_7473.JPG.DCIM/100NCD90.............|
[000]: 23 00 60 c6 00 00 53 12 00 44 53 43 5f 37 34 37 33 2e 4a 50 47 00 44 43 49 4d 2f 31 30 30 4e 43 44 39 30 00 00 00 00 00 00 00 00 00 00 00 00 00  |#.`...S..DSC_7473.JPG.DCIM/100NCD90.............|
[000]: 23 00 60 c6 00 00 5a 52 00 44 53 43 5f 37 34 37 33 2e 4a 50 47 00 44 43 49 4d 2f 31 30 30 4e 43 44 39 30 00 00 00 00 00 00 00 00 00 00 00 00 00  |#.`...ZR.DSC_7473.JPG.DCIM/100NCD90.............|
[000]: 23 00 64 7c 00 00 00 00 00 44 53 43 5f 37 34 37 35 2e 4a 50 47 00 44 43 49 4d 2f 31 30 30 4e 43 44 39 30 00 00 00 00 00 00 00 00 00 00 00 00 00  |#.d|.....DSC_7475.JPG.DCIM/100NCD90.............|
[000]: 23 00 64 7c 00 00 01 9a 00 44 53 43 5f 37 34 37 35 2e 4a 50 47 00 44 43 49 4d 2f 31 30 30 4e 43 44 39 30 00 00 00 00 00 00 00 00 00 00 00 00 00  |#.d|.....DSC_7475.JPG.DCIM/100NCD90.............|
[000]: 23 00 64 7c 00 00 06 d2 00 44 53 43 5f 37 34 37 35 2e 4a 50 47 00 44 43 49 4d 2f 31 30 30 4e 43 44 39 30 00 00 00 00 00 00 00 00 00 00 00 00 00  |#.d|.....DSC_7475.JPG.DCIM/100NCD90.............|
[000]: 23 00 64 7c 00 00 09 3a 00 44 53 43 5f 37 34 37 35 2e 4a 50 47 00 44 43 49 4d 2f 31 30 30 4e 43 44 39 30 00 00 00 00 00 00 00 00 00 00 00 00 00  |#.d|...:.DSC_7475.JPG.DCIM/100NCD90.............|
[000]: 23 00 64 7c 00 00 19 6a 00 44 53 43 5f 37 34 37 35 2e 4a 50 47 00 44 43 49 4d 2f 31 30 30 4e 43 44 39 30 00 00 00 00 00 00 00 00 00 00 00 00 00  |#.d|...j.DSC_7475.JPG.DCIM/100NCD90.............|
[000]: 23 00 64 7c 00 00 23 2a 00 44 53 43 5f 37 34 37 35 2e 4a 50 47 00 44 43 49 4d 2f 31 30 30 4e 43 44 39 30 00 00 00 00 00 00 00 00 00 00 00 00 00  |#.d|..#*.DSC_7475.JPG.DCIM/100NCD90.............|
[000]: 23 00 64 7c 00 00 32 72 00 44 53 43 5f 37 34 37 35 2e 4a 50 47 00 44 43 49 4d 2f 31 30 30 4e 43 44 39 30 00 00 00 00 00 00 00 00 00 00 00 00 00  |#.d|..2r.DSC_7475.JPG.DCIM/100NCD90.............|
[000]: 23 00 64 7c 00 00 3b b2 00 44 53 43 5f 37 34 37 35 2e 4a 50 47 00 44 43 49 4d 2f 31 30 30 4e 43 44 39 30 00 00 00 00 00 00 00 00 00 00 00 00 00  |#.d|..;..DSC_7475.JPG.DCIM/100NCD90.............|
[000]: 23 00 64 7c 00 00 3f 1a 00 44 53 43 5f 37 34 37 35 2e 4a 50 47 00 44 43 49 4d 2f 31 30 30 4e 43 44 39 30 00 00 00 00 00 00 00 00 00 00 00 00 00  |#.d|..?..DSC_7475.JPG.DCIM/100NCD90.............|
[000]: 23 00 64 7c 00 00 45 72 00 44 53 43 5f 37 34 37 35 2e 4a 50 47 00 44 43 49 4d 2f 31 30 30 4e 43 44 39 30 00 00 00 00 00 00 00 00 00 00 00 00 00  |#.d|..Er.DSC_7475.JPG.DCIM/100NCD90.............|
[000]: 23 00 63 bc 00 00 15 32 00 44 53 43 5f 37 34 37 34 2e 4a 50 47 00 44 43 49 4d 2f 31 30 30 4e 43 44 39 30 00 00 00 00 00 00 00 00 00 00 00 00 00  |#.c....2.DSC_7474.JPG.DCIM/100NCD90.............|
[000]: 23 00 63 bc 00 00 22 da 00 44 53 43 5f 37 34 37 34 2e 4a 50 47 00 44 43 49 4d 2f 31 30 30 4e 43 44 39 30 00 00 00 00 00 00 00 00 00 00 00 00 00  |#.c..."..DSC_7474.JPG.DCIM/100NCD90.............|
[000]: 23 00 63 bc 00 00 2c 7a 00 44 53 43 5f 37 34 37 34 2e 4a 50 47 00 44 43 49 4d 2f 31 30 30 4e 43 44 39 30 00 00 00 00 00 00 00 00 00 00 00 00 00  |#.c...,z.DSC_7474.JPG.DCIM/100NCD90.............|
[000]: 23 00 63 bc 00 00 37 02 00 44 53 43 5f 37 34 37 34 2e 4a 50 47 00 44 43 49 4d 2f 31 30 30 4e 43 44 39 30 00 00 00 00 00 00 00 00 00 00 00 00 00  |#.c...7..DSC_7474.JPG.DCIM/100NCD90.............|
[000]: 23 00 63 bc 00 00 4c 82 00 44 53 43 5f 37 34 37 34 2e 4a 50 47 00 44 43 49 4d 2f 31 30 30 4e 43 44 39 30 00 00 00 00 00 00 00 00 00 00 00 00 00  |#.c...L..DSC_7474.JPG.DCIM/100NCD90.............|
[000]: 23 00 63 bc 00 00 50 8a 00 44 53 43 5f 37 34 37 34 2e 4a 50 47 00 44 43 49 4d 2f 31 30 30 4e 43 44 39 30 00 00 00 00 00 00 00 00 00 00 00 00 00  |#.c...P..DSC_7474.JPG.DCIM/100NCD90.............|
[000]: 23 00 63 bc 00 00 55 0a 00 44 53 43 5f 37 34 37 34 2e 4a 50 47 00 44 43 49 4d 2f 31 30 30 4e 43 44 39 30 00 00 00 00 00 00 00 00 00 00 00 00 00  |#.c...U..DSC_7474.JPG.DCIM/100NCD90.............|
[000]: 23 00 63 bc 00 00 5c d2 00 44 53 43 5f 37 34 37 34 2e 4a 50 47 00 44 43 49 4d 2f 31 30 30 4e 43 44 39 30 00 00 00 00 00 00 00 00 00 00 00 00 00  |#.c...\..DSC_7474.JPG.DCIM/100NCD90.............|
[000]: 23 00 63 76 00 00 04 ca 00 44 53 43 5f 37 34 37 37 2e 4a 50 47 00 44 43 49 4d 2f 31 30 30 4e 43 44 39 30 00 00 00 00 00 00 00 00 00 00 00 00 00  |#.cv.....DSC_7477.JPG.DCIM/100NCD90.............|
[000]: 23 00 63 76 00 00 35 2a 00 44 53 43 5f 37 34 37 37 2e 4a 50 47 00 44 43 49 4d 2f 31 30 30 4e 43 44 39 30 00 00 00 00 00 00 00 00 00 00 00 00 00  |#.cv..5*.DSC_7477.JPG.DCIM/100NCD90.............|
[000]: 23 00 63 76 00 00 3e b2 00 44 53 43 5f 37 34 37 37 2e 4a 50 47 00 44 43 49 4d 2f 31 30 30 4e 43 44 39 30 00 00 00 00 00 00 00 00 00 00 00 00 00  |#.cv..>..DSC_7477.JPG.DCIM/100NCD90.............|
[000]: 23 00 63 76 00 00 41 3a 00 44 53 43 5f 37 34 37 37 2e 4a 50 47 00 44 43 49 4d 2f 31 30 30 4e 43 44 39 30 00 00 00 00 00 00 00 00 00 00 00 00 00  |#.cv..A:.DSC_7477.JPG.DCIM/100NCD90.............|
[000]: 23 00 63 76 00 00 48 5a 00 44 53 43 5f 37 34 37 37 2e 4a 50 47 00 44 43 49 4d 2f 31 30 30 4e 43 44 39 30 00 00 00 00 00 00 00 00 00 00 00 00 00  |#.cv..HZ.DSC_7477.JPG.DCIM/100NCD90.............|
[000]: 23 00 63 76 00 00 4a ea 00 44 53 43 5f 37 34 37 37 2e 4a 50 47 00 44 43 49 4d 2f 31 30 30 4e 43 44 39 30 00 00 00 00 00 00 00 00 00 00 00 00 00  |#.cv..J..DSC_7477.JPG.DCIM/100NCD90.............|
[000]: 23 00 63 76 00 00 61 ea 00 44 53 43 5f 37 34 37 37 2e 4a 50 47 00 44 43 49 4d 2f 31 30 30 4e 43 44 39 30 00 00 00 00 00 00 00 00 00 00 00 00 00  |#.cv..a..DSC_7477.JPG.DCIM/100NCD90.............|
[000]: 23 00 63 64 00 00 00 e2 00 44 53 43 5f 37 34 37 36 2e 4a 50 47 00 44 43 49 4d 2f 31 30 30 4e 43 44 39 30 00 00 00 00 00 00 00 00 00 00 00 00 00  |#.cd.....DSC_7476.JPG.DCIM/100NCD90.............|
[000]: 23 00 63 64 00 00 02 fa 00 44 53 43 5f 37 34 37 36 2e 4a 50 47 00 44 43 49 4d 2f 31 30 30 4e 43 44 39 30 00 00 00 00 00 00 00 00 00 00 00 00 00  |#.cd.....DSC_7476.JPG.DCIM/100NCD90.............|
[000]: 23 00 63 64 00 00 2b 92 00 44 53 43 5f 37 34 37 36 2e 4a 50 47 00 44 43 49 4d 2f 31 30 30 4e 43 44 39 30 00 00 00 00 00 00 00 00 00 00 00 00 00  |#.cd..+..DSC_7476.JPG.DCIM/100NCD90.............|
[000]: 23 00 63 64 00 00 30 22 00 44 53 43 5f 37 34 37 36 2e 4a 50 47 00 44 43 49 4d 2f 31 30 30 4e 43 44 39 30 00 00 00 00 00 00 00 00 00 00 00 00 00  |#.cd..0".DSC_7476.JPG.DCIM/100NCD90.............|
[000]: 23 00 63 64 00 00 3a 6a 00 44 53 43 5f 37 34 37 36 2e 4a 50 47 00 44 43 49 4d 2f 31 30 30 4e 43 44 39 30 00 00 00 00 00 00 00 00 00 00 00 00 00  |#.cd..:j.DSC_7476.JPG.DCIM/100NCD90.............|
[000]: 23 00 63 64 00 00 43 4a 00 44 53 43 5f 37 34 37 36 2e 4a 50 47 00 44 43 49 4d 2f 31 30 30 4e 43 44 39 30 00 00 00 00 00 00 00 00 00 00 00 00 00  |#.cd..CJ.DSC_7476.JPG.DCIM/100NCD90.............|
[000]: 23 00 63 64 00 00 46 32 00 44 53 43 5f 37 34 37 36 2e 4a 50 47 00 44 43 49 4d 2f 31 30 30 4e 43 44 39 30 00 00 00 00 00 00 00 00 00 00 00 00 00  |#.cd..F2.DSC_7476.JPG.DCIM/100NCD90.............|
[000]: 23 00 63 64 00 00 49 b2 00 44 53 43 5f 37 34 37 36 2e 4a 50 47 00 44 43 49 4d 2f 31 30 30 4e 43 44 39 30 00 00 00 00 00 00 00 00 00 00 00 00 00  |#.cd..I..DSC_7476.JPG.DCIM/100NCD90.............|
[000]: 23 00 63 64 00 00 53 9a 00 44 53 43 5f 37 34 37 36 2e 4a 50 47 00 44 43 49 4d 2f 31 30 30 4e 43 44 39 30 00 00 00 00 00 00 00 00 00 00 00 00 00  |#.cd..S..DSC_7476.JPG.DCIM/100NCD90.............|
[000]: 23 00 63 64 00 00 56 ca 00 44 53 43 5f 37 34 37 36 2e 4a 50 47 00 44 43 49 4d 2f 31 30 30 4e 43 44 39 30 00 00 00 00 00 00 00 00 00 00 00 00 00  |#.cd..V..DSC_7476.JPG.DCIM/100NCD90.............|
[000]: 23 00 63 64 00 00 5f ba 00 44 53 43 5f 37 34 37 36 2e 4a 50 47 00 44 43 49 4d 2f 31 30 30 4e 43 44 39 30 00 00 00 00 00 00 00 00 00 00 00 00 00  |#.cd.._..DSC_7476.JPG.DCIM/100NCD90.............|
[000]: 23 00 63 a4 00 00 00 00 00 44 53 43 5f 37 34 37 38 2e 4a 50 47 00 44 43 49 4d 2f 31 30 30 4e 43 44 39 30 00 00 00 00 00 00 00 00 00 00 00 00 00  |#.c......DSC_7478.JPG.DCIM/100NCD90.............|
[000]: 23 00 63 a4 00 00 00 00 00 44 53 43 5f 37 34 37 38 2e 4a 50 47 00 44 43 49 4d 2f 31 30 30 4e 43 44 39 30 00 00 00 00 00 00 00 00 00 00 00 00 00  |#.c......DSC_7478.JPG.DCIM/100NCD90.............|
[000]: 23 00 63 a4 00 00 00 00 00 44 53 43 5f 37 34 37 38 2e 4a 50 47 00 44 43 49 4d 2f 31 30 30 4e 43 44 39 30 00 00 00 00 00 00 00 00 00 00 00 00 00  |#.c......DSC_7478.JPG.DCIM/100NCD90.............|
[000]: 23 00 63 a4 00 00 01 92 00 44 53 43 5f 37 34 37 38 2e 4a 50 47 00 44 43 49 4d 2f 31 30 30 4e 43 44 39 30 00 00 00 00 00 00 00 00 00 00 00 00 00  |#.c......DSC_7478.JPG.DCIM/100NCD90.............|
[000]: 23 00 63 a4 00 00 03 92 00 44 53 43 5f 37 34 37 38 2e 4a 50 47 00 44 43 49 4d 2f 31 30 30 4e 43 44 39 30 00 00 00 00 00 00 00 00 00 00 00 00 00  |#.c......DSC_7478.JPG.DCIM/100NCD90.............|
[000]: 23 00 63 a4 00 00 03 92 00 44 53 43 5f 37 34 37 38 2e 4a 50 47 00 44 43 49 4d 2f 31 30 30 4e 43 44 39 30 00 00 00 00 00 00 00 00 00 00 00 00 00  |#.c......DSC_7478.JPG.DCIM/100NCD90.............|
[000]: 23 00 63 a4 00 00 03 92 00 44 53 43 5f 37 34 37 38 2e 4a 50 47 00 44 43 49 4d 2f 31 30 30 4e 43 44 39 30 00 00 00 00 00 00 00 00 00 00 00 00 00  |#.c......DSC_7478.JPG.DCIM/100NCD90.............|
[000]: 23 00 63 a4 00 00 03 92 00 44 53 43 5f 37 34 37 38 2e 4a 50 47 00 44 43 49 4d 2f 31 30 30 4e 43 44 39 30 00 00 00 00 00 00 00 00 00 00 00 00 00  |#.c......DSC_7478.JPG.DCIM/100NCD90.............|
[000]: 23 00 63 a4 00 00 05 da 00 44 53 43 5f 37 34 37 38 2e 4a 50 47 00 44 43 49 4d 2f 31 30 30 4e 43 44 39 30 00 00 00 00 00 00 00 00 00 00 00 00 00  |#.c......DSC_7478.JPG.DCIM/100NCD90.............|
[000]: 23 00 63 a4 00 00 13 4a 00 44 53 43 5f 37 34 37 38 2e 4a 50 47 00 44 43 49 4d 2f 31 30 30 4e 43 44 39 30 00 00 00 00 00 00 00 00 00 00 00 00 00  |#.c....J.DSC_7478.JPG.DCIM/100NCD90.............|
[000]: 23 00 63 a4 00 00 1c 72 00 44 53 43 5f 37 34 37 38 2e 4a 50 47 00 44 43 49 4d 2f 31 30 30 4e 43 44 39 30 00 00 00 00 00 00 00 00 00 00 00 00 00  |#.c....r.DSC_7478.JPG.DCIM/100NCD90.............|
[000]: 23 00 63 a4 00 00 25 12 00 44 53 43 5f 37 34 37 38 2e 4a 50 47 00 44 43 49 4d 2f 31 30 30 4e 43 44 39 30 00 00 00 00 00 00 00 00 00 00 00 00 00  |#.c...%..DSC_7478.JPG.DCIM/100NCD90.............|
[000]: 23 00 63 a4 00 00 2e ba 00 44 53 43 5f 37 34 37 38 2e 4a 50 47 00 44 43 49 4d 2f 31 30 30 4e 43 44 39 30 00 00 00 00 00 00 00 00 00 00 00 00 00  |#.c......DSC_7478.JPG.DCIM/100NCD90.............|
[000]: 23 00 63 a4 00 00 34 0a 00 44 53 43 5f 37 34 37 38 2e 4a 50 47 00 44 43 49 4d 2f 31 30 30 4e 43 44 39 30 00 00 00 00 00 00 00 00 00 00 00 00 00  |#.c...4..DSC_7478.JPG.DCIM/100NCD90.............|
[000]: 23 00 63 a4 00 00 3e 8a 00 44 53 43 5f 37 34 37 38 2e 4a 50 47 00 44 43 49 4d 2f 31 30 30 4e 43 44 39 30 00 00 00 00 00 00 00 00 00 00 00 00 00  |#.c...>..DSC_7478.JPG.DCIM/100NCD90.............|
[000]: 23 00 63 4e 00 00 00 00 00 44 53 43 5f 37 34 37 39 2e 4a 50 47 00 44 43 49 4d 2f 31 30 30 4e 43 44 39 30 00 00 00 00 00 00 00 00 00 00 00 00 00  |#.cN.....DSC_7479.JPG.DCIM/100NCD90.............|
[000]: 23 00 63 4e 00 00 11 7a 00 44 53 43 5f 37 34 37 39 2e 4a 50 47 00 44 43 49 4d 2f 31 30 30 4e 43 44 39 30 00 00 00 00 00 00 00 00 00 00 00 00 00  |#.cN...z.DSC_7479.JPG.DCIM/100NCD90.............|
[000]: 23 00 63 4e 00 00 2b 52 00 44 53 43 5f 37 34 37 39 2e 4a 50 47 00 44 43 49 4d 2f 31 30 30 4e 43 44 39 30 00 00 00 00 00 00 00 00 00 00 00 00 00  |#.cN..+R.DSC_7479.JPG.DCIM/100NCD90.............|
[000]: 23 00 63 4e 00 00 3a 8a 00 44 53 43 5f 37 34 37 39 2e 4a 50 47 00 44 43 49 4d 2f 31 30 30 4e 43 44 39 30 00 00 00 00 00 00 00 00 00 00 00 00 00  |#.cN..:..DSC_7479.JPG.DCIM/100NCD90.............|
[000]: 23 00 63 4e 00 00 3d 7a 00 44 53 43 5f 37 34 37 39 2e 4a 50 47 00 44 43 49 4d 2f 31 30 30 4e 43 44 39 30 00 00 00 00 00 00 00 00 00 00 00 00 00  |#.cN..=z.DSC_7479.JPG.DCIM/100NCD90.............|
[000]: 23 00 63 4e 00 00 4d f2 00 44 53 43 5f 37 34 37 39 2e 4a 50 47 00 44 43 49 4d 2f 31 30 30 4e 43 44 39 30 00 00 00 00 00 00 00 00 00 00 00 00 00  |#.cN..M..DSC_7479.JPG.DCIM/100NCD90.............|
[000]: 23 00 63 4e 00 00 51 3a 00 44 53 43 5f 37 34 37 39 2e 4a 50 47 00 44 43 49 4d 2f 31 30 30 4e 43 44 39 30 00 00 00 00 00 00 00 00 00 00 00 00 00  |#.cN..Q:.DSC_7479.JPG.DCIM/100NCD90.............|
[000]: 23 00 63 4e 00 00 54 ba 00 44 53 43 5f 37 34 37 39 2e 4a 50 47 00 44 43 49 4d 2f 31 30 30 4e 43 44 39 30 00 00 00 00 00 00 00 00 00 00 00 00 00  |#.cN..T..DSC_7479.JPG.DCIM/100NCD90.............|
[000]: 23 00 63 4e 00 00 5a fa 00 44 53 43 5f 37 34 37 39 2e 4a 50 47 00 44 43 49 4d 2f 31 30 30 4e 43 44 39 30 00 00 00 00 00 00 00 00 00 00 00 00 00  |#.cN..Z..DSC_7479.JPG.DCIM/100NCD90.............|
[000]: 23 00 63 4e 00 00 5e da 00 44 53 43 5f 37 34 37 39 2e 4a 50 47 00 44 43 49 4d 2f 31 30 30 4e 43 44 39 30 00 00 00 00 00 00 00 00 00 00 00 00 00  |#.cN..^..DSC_7479.JPG.DCIM/100NCD90.............|
[000]: 23 00 63 4e 00 00 62 5a 00 44 53 43 5f 37 34 37 39 2e 4a 50 47 00 44 43 49 4d 2f 31 30 30 4e 43 44 39 30 00 00 00 00 00 00 00 00 00 00 00 00 00  |#.cN..bZ.DSC_7479.JPG.DCIM/100NCD90.............|
[000]: 23 00 65 0c 00 00 00 00 00 44 53 43 5f 37 34 38 30 2e 4a 50 47 00 44 43 49 4d 2f 31 30 30 4e 43 44 39 30 00 00 00 00 00 00 00 00 00 00 00 00 00  |#.e......DSC_7480.JPG.DCIM/100NCD90.............|
[000]: 23 00 65 0c 00 00 03 12 00 44 53 43 5f 37 34 38 30 2e 4a 50 47 00 44 43 49 4d 2f 31 30 30 4e 43 44 39 30 00 00 00 00 00 00 00 00 00 00 00 00 00  |#.e......DSC_7480.JPG.DCIM/100NCD90.............|
[000]: 23 00 65 0c 00 00 08 02 00 44 53 43 5f 37 34 38 30 2e 4a 50 47 00 44 43 49 4d 2f 31 30 30 4e 43 44 39 30 00 00 00 00 00 00 00 00 00 00 00 00 00  |#.e......DSC_7480.JPG.DCIM/100NCD90.............|
[000]: 23 00 65 0c 00 00 11 02 00 44 53 43 5f 37 34 38 30 2e 4a 50 47 00 44 43 49 4d 2f 31 30 30 4e 43 44 39 30 00 00 00 00 00 00 00 00 00 00 00 00 00  |#.e......DSC_7480.JPG.DCIM/100NCD90.............|
[000]: 23 00 65 0c 00 00 15 12 00 44 53 43 5f 37 34 38 30 2e 4a 50 47 00 44 43 49 4d 2f 31 30 30 4e 43 44 39 30 00 00 00 00 00 00 00 00 00 00 00 00 00  |#.e......DSC_7480.JPG.DCIM/100NCD90.............|
[000]: 23 00 65 0c 00 00 1b 5a 00 44 53 43 5f 37 34 38 30 2e 4a 50 47 00 44 43 49 4d 2f 31 30 30 4e 43 44 39 30 00 00 00 00 00 00 00 00 00 00 00 00 00  |#.e....Z.DSC_7480.JPG.DCIM/100NCD90.............|
[000]: 23 00 65 0c 00 00 1d fa 00 44 53 43 5f 37 34 38 30 2e 4a 50 47 00 44 43 49 4d 2f 31 30 30 4e 43 44 39 30 00 00 00 00 00 00 00 00 00 00 00 00 00  |#.e......DSC_7480.JPG.DCIM/100NCD90.............|
[000]: 23 00 65 0c 00 00 23 52 00 44 53 43 5f 37 34 38 30 2e 4a 50 47 00 44 43 49 4d 2f 31 30 30 4e 43 44 39 30 00 00 00 00 00 00 00 00 00 00 00 00 00  |#.e...#R.DSC_7480.JPG.DCIM/100NCD90.............|
[000]: 23 00 65 0c 00 00 29 9a 00 44 53 43 5f 37 34 38 30 2e 4a 50 47 00 44 43 49 4d 2f 31 30 30 4e 43 44 39 30 00 00 00 00 00 00 00 00 00 00 00 00 00  |#.e...)..DSC_7480.JPG.DCIM/100NCD90.............|
[000]: 23 00 65 0c 00 00 2e 02 00 44 53 43 5f 37 34 38 30 2e 4a 50 47 00 44 43 49 4d 2f 31 30 30 4e 43 44 39 30 00 00 00 00 00 00 00 00 00 00 00 00 00  |#.e......DSC_7480.JPG.DCIM/100NCD90.............|

